%constants we need

smow18 = 0.00200520;
smow17 = 0.00038288;
std15N = 0.3669/99.6349;
std13C = 1.103/98.903;
e_charge  = 1.60217646e-19; %coulombs
p2d = .153; % conversion factor in Ar stripper from mTorr to
            % \mu\g/cm^2
            
            